15.610337001839468 -11.696127941686857 -3.3648478454939998 -8.1540277601920739 1.5118230216519137 -5.854687486324905 
14
1.0536454753496187 -24.130223507441805 5.2075994296416974 -22.310701420862006 7.6904408307926131 -20.014784162489377 7.6904408307926131 -20.014784162489377 
1.0536454753496187 -24.130223507441805 7.6904408307926131 -20.014784162489377 3.3020381521454603 -15.965393340287086 3.3020381521454603 -15.965393340287086 
1.0536454753496187 -24.130223507441805 3.3020381521454603 -15.965393340287086 1.8174546665724396 -15.409550258755242 1.8174546665724396 -15.409550258755242 
15.197251834073192 5.5653696267125081 8.3723526680563864 1.457502465336024 10.145641057501424 -0.65981369863306449 10.145641057501424 -0.65981369863306449 
15.197251834073192 5.5653696267125081 10.145641057501424 -0.65981369863306449 10.673722881758071 -0.96983270080446582 10.673722881758071 -0.96983270080446582 
15.197251834073192 5.5653696267125081 10.673722881758071 -0.96983270080446582 14.972466709550492 -0.48940295244992083 14.972466709550492 -0.48940295244992083 
15.197251834073192 5.5653696267125081 14.972466709550492 -0.48940295244992083 17.889671275507304 1.5284750132324414 17.889671275507304 1.5284750132324414 
20.976375851711246 -21.794116892334362 21.01029551325685 -17.778401530973127 17.142879321363019 -16.457182183134641 17.142879321363019 -16.457182183134641 
20.976375851711246 -21.794116892334362 17.142879321363019 -16.457182183134641 13.506656939416031 -17.491376533822777 13.506656939416031 -17.491376533822777 
14.417259942316676 20.121824473496659 15.059155089644722 11.925755807940975 15.886178634369839 11.542182752141459 15.886178634369839 11.542182752141459 
14.417259942316676 20.121824473496659 15.886178634369839 11.542182752141459 21.970699960358878 12.917911029486051 21.970699960358878 12.917911029486051 
14.417259942316676 20.121824473496659 21.970699960358878 12.917911029486051 19.781207886685369 19.484662094288719 19.781207886685369 19.484662094288719 
1.7098382372270051 -2.0073081722434414 0.74401702537886472 -6.6362028234611579 1.2032384177227264 -8.5849321221685688 1.2032384177227264 -8.5849321221685688 
1.7098382372270051 -2.0073081722434414 1.2032384177227264 -8.5849321221685688 6.8424026696824853 -4.501111653058782 6.8424026696824853 -4.501111653058782 
